----------------------------------------------------
Encryption
----------------------------------------------------
0000000000000000 1000010000010001 0010111000011011010001000011100001110101000001010110000110010100001100111000011010110000111101100001110001000011100110000010010100001100001000100000110000111000100001110111000100110010000110101100001100101000011100010001000111
----------------------------------------------------
Step 1
0000000000000000 1000010000010001 0010111000011011010001000011100001110101000001010110000110010100001100111000011010110000111101100001110001000011100110000010010100001100001000100000110000111000100001110111000100110010000110101100001100101000011100010001000111
000000001 
----------------------------------------------------
Step 2
0000000000000001 0000100000100010 010111000011011010001000011100001110101000001010110000110010100001100111000011010110000111101100001110001000011100110000010010100001100001000100000110000111000100001110111000100110010000110101100001100101000011100010001000111
101110010 
----------------------------------------------------
Step 3
0000010000100000 1000100101110000 11011010001000011100001110101000001010110000110010100001100111000011010110000111101100001110001000011100110000010010100001100001000100000110000111000100001110111000100110010000110101100001100101000011100010001000111
010101001 
----------------------------------------------------
Step 4
1000010000010001 0010111000011011 010001000011100001110101000001010110000110010100001100111000011010110000111101100001110001000011100110000010010100001100001000100000110000111000100001110111000100110010000110101100001100101000011100010001000111
001101001 
----------------------------------------------------
Step 5
1000001000100101 1100001101101000 1000011100001110101000001010110000110010100001100111000011010110000111101100001110001000011100110000010010100001100001000100000110000111000100001110111000100110010000110101100001100101000011100010001000111
111100100 
----------------------------------------------------
Step 6
0001000100101110 0001101101000100 0011100001110101000001010110000110010100001100111000011010110000111101100001110001000011100110000010010100001100001000100000110000111000100001110111000100110010000110101100001100101000011100010001000111
000001001 
----------------------------------------------------
Step 7
0010010111000011 0110100010000111 00001110101000001010110000110010100001100111000011010110000111101100001110001000011100110000010010100001100001000100000110000111000100001110111000100110010000110101100001100101000011100010001000111
110101010 
----------------------------------------------------
Step 8
0111000011011010 0010000111000011 10101000001010110000110010100001100111000011010110000111101100001110001000011100110000010010100001100001000100000110000111000100001110111000100110010000110101100001100101000011100010001000111
011000110 
----------------------------------------------------
Step 9
0000110110100010 0001110000111010 1000001010110000110010100001100111000011010110000111101100001110001000011100110000010010100001100001000100000110000111000100001110111000100110010000110101100001100101000011100010001000111
000101011 
----------------------------------------------------
Step 10
0110100010000111 0000111010100000 1010110000110010100001100111000011010110000111101100001110001000011100110000010010100001100001000100000110000111000100001110111000100110010000110101100001100101000011100010001000111
100110001 
----------------------------------------------------
Step 11
0000111000011101 0100000101011000 0110010100001100111000011010110000111101100001110001000011100110000010010100001100001000100000110000111000100001110111000100110010000110101100001100101000011100010001000111
111000110 
----------------------------------------------------
Step 12
1110000111010100 0001010110000110 010100001100111000011010110000111101100001110001000011100110000010010100001100001000100000110000111000100001110111000100110010000110101100001100101000011100010001000111
010001000 
----------------------------------------------------
Step 13
0011101010000010 1011000011001010 0001100111000011010110000111101100001110001000011100110000010010100001100001000100000110000111000100001110111000100110010000110101100001100101000011100010001000111
010000111 
----------------------------------------------------
Step 14
1010100000101011 0000110010100001 100111000011010110000111101100001110001000011100110000010010100001100001000100000110000111000100001110111000100110010000110101100001100101000011100010001000111
011001011 
----------------------------------------------------
Step 15
0000101011000011 0010100001100111 000011010110000111101100001110001000011100110000010010100001100001000100000110000111000100001110111000100110010000110101100001100101000011100010001000111
001001100 
----------------------------------------------------
Step 16
0110000110010100 0011001110000110 10110000111101100001110001000011100110000010010100001100001000100000110000111000100001110111000100110010000110101100001100101000011100010001000111
010101111 
----------------------------------------------------
Step 17
1001010000110011 1000011010110000 111101100001110001000011100110000010010100001100001000100000110000111000100001110111000100110010000110101100001100101000011100010001000111
010110001 
----------------------------------------------------
Step 18
0110011100001101 0110000111101100 001110001000011100110000010010100001100001000100000110000111000100001110111000100110010000110101100001100101000011100010001000111
000001010 
----------------------------------------------------
Step 19
1100001101011000 0111101100001110 001000011100110000010010100001100001000100000110000111000100001110111000100110010000110101100001100101000011100010001000111
010100111 
----------------------------------------------------
Step 20
0011010110000111 1011000011100010 00011100110000010010100001100001000100000110000111000100001110111000100110010000110101100001100101000011100010001000111
010110110 
----------------------------------------------------
Step 21
0111101100001110 0010000111001100 00010010100001100001000100000110000111000100001110111000100110010000110101100001100101000011100010001000111
101000110 
----------------------------------------------------
Step 22
1011000011100010 0001110011000001 0010100001100001000100000110000111000100001110111000100110010000110101100001100101000011100010001000111
010110001 
----------------------------------------------------
Step 23
1100010000111001 1000001001010000 1100001000100000110000111000100001110111000100110010000110101100001100101000011100010001000111
010101010 
----------------------------------------------------
Step 24
0000111001100000 1001010000110000 1000100000110000111000100001110111000100110010000110101100001100101000011100010001000111
011001000 
----------------------------------------------------
Step 25
1100110000010010 1000011000010001 00000110000111000100001110111000100110010000110101100001100101000011100010001000111
010101011 
----------------------------------------------------
Step 26
0000010010100001 1000010001000001 10000111000100001110111000100110010000110101100001100101000011100010001000111
101001100 
----------------------------------------------------
Step 27
0101000011000010 0010000011000011 1000100001110111000100110010000110101100001100101000011100010001000111
110001100 
----------------------------------------------------
Step 28
0110000100010000 0110000111000100 001110111000100110010000110101100001100101000011100010001000111
000010001 
----------------------------------------------------
Step 29
0010000011000011 1000100001110111 000100110010000110101100001100101000011100010001000111
001001001 
----------------------------------------------------
Step 30
0001100001110001 0000111011100010 0110010000110101100001100101000011100010001000111
010110001 
----------------------------------------------------
Step 31
1110001000011101 1100010011001000 0110101100001100101000011100010001000111
000110001 
----------------------------------------------------
Step 32
0011101110001001 1001000011010110 0001100101000011100010001000111
110001000 
----------------------------------------------------
Step 33
0111000100110010 0001101011000011 00101000011100010001000111
010001001 
----------------------------------------------------
Step 34
0010011001000011 0101100001100101 000011100010001000111
000100111 
----------------------------------------------------
Step 35
0110010000110101 1000011001010000 11100010001000111
010110000 
----------------------------------------------------
Step 36
0110101100001100 1010000111000100 01000111
001001000 
----------------------------------------------------
Step 37
0110000110010100 0011100010001000 111
010101001 
----------------------------------------------------
Step 38
0011001010000111 00010001000111-- 
101001000 
----------------------------------------------------
Step 39
0101000011100010 001000111------- 
110001111 
----------------------------------------------------
Step 40
1110001000100011 1--------------- 
000000001 
----------------------------------------------------
1100010001000111 ---------------- 
----------------------------------------------------
----------------------------------------------------
Decryption
----------------------------------------------------
----------------------------------------------------
Step 1
0000000000000000 000000001 101110010 010101001 001101001 111100100 000001001 110101010 011000110 000101011 100110001 111000110 010001000 010000111 011001011 001001100 010101111 010110001 000001010 010100111 010110110 101000110 010110001 010101010 011001000 010101011 101001100 110001100 000010001 001001001 010110001 000110001 110001000 010001001 000100111 010110000 001001000 010101001 101001000 110001111 000000001 

----------------------------------------------------
Step 2
0000000000000001 101110010 010101001 001101001 111100100 000001001 110101010 011000110 000101011 100110001 111000110 010001000 010000111 011001011 001001100 010101111 010110001 000001010 010100111 010110110 101000110 010110001 010101010 011001000 010101011 101001100 110001100 000010001 001001001 010110001 000110001 110001000 010001001 000100111 010110000 001001000 010101001 101001000 110001111 000000001 
1 
----------------------------------------------------
Step 3
0000010000100000 010101001 001101001 111100100 000001001 110101010 011000110 000101011 100110001 111000110 010001000 010000111 011001011 001001100 010101111 010110001 000001010 010100111 010110110 101000110 010110001 010101010 011001000 010101011 101001100 110001100 000010001 001001001 010110001 000110001 110001000 010001001 000100111 010110000 001001000 010101001 101001000 110001111 000000001 
10000100 000 
----------------------------------------------------
Step 4
1000010000010001 001101001 111100100 000001001 110101010 011000110 000101011 100110001 111000110 010001000 010000111 011001011 001001100 010101111 010110001 000001010 010100111 010110110 101000110 010110001 010101010 011001000 010101011 101001100 110001100 000010001 001001001 010110001 000110001 110001000 010001001 000100111 010110000 001001000 010101001 101001000 110001111 000000001 
10000100 00010001 
----------------------------------------------------
Step 5
1000001000100101 111100100 000001001 110101010 011000110 000101011 100110001 111000110 010001000 010000111 011001011 001001100 010101111 010110001 000001010 010100111 010110110 101000110 010110001 010101010 011001000 010101011 101001100 110001100 000010001 001001001 010110001 000110001 110001000 010001001 000100111 010110000 001001000 010101001 101001000 110001111 000000001 
10000100 00010001 00101 
----------------------------------------------------
Step 6
0001000100101110 000001001 110101010 011000110 000101011 100110001 111000110 010001000 010000111 011001011 001001100 010101111 010110001 000001010 010100111 010110110 101000110 010110001 010101010 011001000 010101011 101001100 110001100 000010001 001001001 010110001 000110001 110001000 010001001 000100111 010110000 001001000 010101001 101001000 110001111 000000001 
10000100 00010001 00101110 
----------------------------------------------------
Step 7
0010010111000011 110101010 011000110 000101011 100110001 111000110 010001000 010000111 011001011 001001100 010101111 010110001 000001010 010100111 010110110 101000110 010110001 010101010 011001000 010101011 101001100 110001100 000010001 001001001 010110001 000110001 110001000 010001001 000100111 010110000 001001000 010101001 101001000 110001111 000000001 
10000100 00010001 00101110 00011 
----------------------------------------------------
Step 8
0111000011011010 011000110 000101011 100110001 111000110 010001000 010000111 011001011 001001100 010101111 010110001 000001010 010100111 010110110 101000110 010110001 010101010 011001000 010101011 101001100 110001100 000010001 001001001 010110001 000110001 110001000 010001001 000100111 010110000 001001000 010101001 101001000 110001111 000000001 
10000100 00010001 00101110 00011011 010 
----------------------------------------------------
Step 9
0000110110100010 000101011 100110001 111000110 010001000 010000111 011001011 001001100 010101111 010110001 000001010 010100111 010110110 101000110 010110001 010101010 011001000 010101011 101001100 110001100 000010001 001001001 010110001 000110001 110001000 010001001 000100111 010110000 001001000 010101001 101001000 110001111 000000001 
10000100 00010001 00101110 00011011 0100010 
----------------------------------------------------
Step 10
0110100010000111 100110001 111000110 010001000 010000111 011001011 001001100 010101111 010110001 000001010 010100111 010110110 101000110 010110001 010101010 011001000 010101011 101001100 110001100 000010001 001001001 010110001 000110001 110001000 010001001 000100111 010110000 001001000 010101001 101001000 110001111 000000001 
10000100 00010001 00101110 00011011 01000100 00111 
----------------------------------------------------
Step 11
0000111000011101 111000110 010001000 010000111 011001011 001001100 010101111 010110001 000001010 010100111 010110110 101000110 010110001 010101010 011001000 010101011 101001100 110001100 000010001 001001001 010110001 000110001 110001000 010001001 000100111 010110000 001001000 010101001 101001000 110001111 000000001 
10000100 00010001 00101110 00011011 01000100 00111000 011101 
----------------------------------------------------
Step 12
1110000111010100 010001000 010000111 011001011 001001100 010101111 010110001 000001010 010100111 010110110 101000110 010110001 010101010 011001000 010101011 101001100 110001100 000010001 001001001 010110001 000110001 110001000 010001001 000100111 010110000 001001000 010101001 101001000 110001111 000000001 
10000100 00010001 00101110 00011011 01000100 00111000 01110101 00 
----------------------------------------------------
Step 13
0011101010000010 010000111 011001011 001001100 010101111 010110001 000001010 010100111 010110110 101000110 010110001 010101010 011001000 010101011 101001100 110001100 000010001 001001001 010110001 000110001 110001000 010001001 000100111 010110000 001001000 010101001 101001000 110001111 000000001 
10000100 00010001 00101110 00011011 01000100 00111000 01110101 0000010 
----------------------------------------------------
Step 14
1010100000101011 011001011 001001100 010101111 010110001 000001010 010100111 010110110 101000110 010110001 010101010 011001000 010101011 101001100 110001100 000010001 001001001 010110001 000110001 110001000 010001001 000100111 010110000 001001000 010101001 101001000 110001111 000000001 
10000100 00010001 00101110 00011011 01000100 00111000 01110101 00000101 011 
----------------------------------------------------
Step 15
0000101011000011 001001100 010101111 010110001 000001010 010100111 010110110 101000110 010110001 010101010 011001000 010101011 101001100 110001100 000010001 001001001 010110001 000110001 110001000 010001001 000100111 010110000 001001000 010101001 101001000 110001111 000000001 
10000100 00010001 00101110 00011011 01000100 00111000 01110101 00000101 01100001 1 
----------------------------------------------------
Step 16
0110000110010100 010101111 010110001 000001010 010100111 010110110 101000110 010110001 010101010 011001000 010101011 101001100 110001100 000010001 001001001 010110001 000110001 110001000 010001001 000100111 010110000 001001000 010101001 101001000 110001111 000000001 
10000100 00010001 00101110 00011011 01000100 00111000 01110101 00000101 01100001 10010100 
----------------------------------------------------
Step 17
1001010000110011 010110001 000001010 010100111 010110110 101000110 010110001 010101010 011001000 010101011 101001100 110001100 000010001 001001001 010110001 000110001 110001000 010001001 000100111 010110000 001001000 010101001 101001000 110001111 000000001 
10000100 00010001 00101110 00011011 01000100 00111000 01110101 00000101 01100001 10010100 00110011 
----------------------------------------------------
Step 18
0110011100001101 000001010 010100111 010110110 101000110 010110001 010101010 011001000 010101011 101001100 110001100 000010001 001001001 010110001 000110001 110001000 010001001 000100111 010110000 001001000 010101001 101001000 110001111 000000001 
10000100 00010001 00101110 00011011 01000100 00111000 01110101 00000101 01100001 10010100 00110011 10000110 1 
----------------------------------------------------
Step 19
1100001101011000 010100111 010110110 101000110 010110001 010101010 011001000 010101011 101001100 110001100 000010001 001001001 010110001 000110001 110001000 010001001 000100111 010110000 001001000 010101001 101001000 110001111 000000001 
10000100 00010001 00101110 00011011 01000100 00111000 01110101 00000101 01100001 10010100 00110011 10000110 1011000 
----------------------------------------------------
Step 20
0011010110000111 010110110 101000110 010110001 010101010 011001000 010101011 101001100 110001100 000010001 001001001 010110001 000110001 110001000 010001001 000100111 010110000 001001000 010101001 101001000 110001111 000000001 
10000100 00010001 00101110 00011011 01000100 00111000 01110101 00000101 01100001 10010100 00110011 10000110 10110000 111 
----------------------------------------------------
Step 21
0111101100001110 101000110 010110001 010101010 011001000 010101011 101001100 110001100 000010001 001001001 010110001 000110001 110001000 010001001 000100111 010110000 001001000 010101001 101001000 110001111 000000001 
10000100 00010001 00101110 00011011 01000100 00111000 01110101 00000101 01100001 10010100 00110011 10000110 10110000 11110110 0001110 
----------------------------------------------------
Step 22
1011000011100010 010110001 010101010 011001000 010101011 101001100 110001100 000010001 001001001 010110001 000110001 110001000 010001001 000100111 010110000 001001000 010101001 101001000 110001111 000000001 
10000100 00010001 00101110 00011011 01000100 00111000 01110101 00000101 01100001 10010100 00110011 10000110 10110000 11110110 00011100 010 
----------------------------------------------------
Step 23
1100010000111001 010101010 011001000 010101011 101001100 110001100 000010001 001001001 010110001 000110001 110001000 010001001 000100111 010110000 001001000 010101001 101001000 110001111 000000001 
10000100 00010001 00101110 00011011 01000100 00111000 01110101 00000101 01100001 10010100 00110011 10000110 10110000 11110110 00011100 01000011 1001 
----------------------------------------------------
Step 24
0000111001100000 011001000 010101011 101001100 110001100 000010001 001001001 010110001 000110001 110001000 010001001 000100111 010110000 001001000 010101001 101001000 110001111 000000001 
10000100 00010001 00101110 00011011 01000100 00111000 01110101 00000101 01100001 10010100 00110011 10000110 10110000 11110110 00011100 01000011 10011000 00 
----------------------------------------------------
Step 25
1100110000010010 010101011 101001100 110001100 000010001 001001001 010110001 000110001 110001000 010001001 000100111 010110000 001001000 010101001 101001000 110001111 000000001 
10000100 00010001 00101110 00011011 01000100 00111000 01110101 00000101 01100001 10010100 00110011 10000110 10110000 11110110 00011100 01000011 10011000 0010010 
----------------------------------------------------
Step 26
0000010010100001 101001100 110001100 000010001 001001001 010110001 000110001 110001000 010001001 000100111 010110000 001001000 010101001 101001000 110001111 000000001 
10000100 00010001 00101110 00011011 01000100 00111000 01110101 00000101 01100001 10010100 00110011 10000110 10110000 11110110 00011100 01000011 10011000 00100101 00001 
----------------------------------------------------
Step 27
0101000011000010 110001100 000010001 001001001 010110001 000110001 110001000 010001001 000100111 010110000 001001000 010101001 101001000 110001111 000000001 
10000100 00010001 00101110 00011011 01000100 00111000 01110101 00000101 01100001 10010100 00110011 10000110 10110000 11110110 00011100 01000011 10011000 00100101 00001100 0010 
----------------------------------------------------
Step 28
0110000100010000 000010001 001001001 010110001 000110001 110001000 010001001 000100111 010110000 001001000 010101001 101001000 110001111 000000001 
10000100 00010001 00101110 00011011 01000100 00111000 01110101 00000101 01100001 10010100 00110011 10000110 10110000 11110110 00011100 01000011 10011000 00100101 00001100 00100010 000 
----------------------------------------------------
Step 29
0010000011000011 001001001 010110001 000110001 110001000 010001001 000100111 010110000 001001000 010101001 101001000 110001111 000000001 
10000100 00010001 00101110 00011011 01000100 00111000 01110101 00000101 01100001 10010100 00110011 10000110 10110000 11110110 00011100 01000011 10011000 00100101 00001100 00100010 00001100 0011 
----------------------------------------------------
Step 30
0001100001110001 010110001 000110001 110001000 010001001 000100111 010110000 001001000 010101001 101001000 110001111 000000001 
10000100 00010001 00101110 00011011 01000100 00111000 01110101 00000101 01100001 10010100 00110011 10000110 10110000 11110110 00011100 01000011 10011000 00100101 00001100 00100010 00001100 00111000 1 
----------------------------------------------------
Step 31
1110001000011101 000110001 110001000 010001001 000100111 010110000 001001000 010101001 101001000 110001111 000000001 
10000100 00010001 00101110 00011011 01000100 00111000 01110101 00000101 01100001 10010100 00110011 10000110 10110000 11110110 00011100 01000011 10011000 00100101 00001100 00100010 00001100 00111000 10000111 01 
----------------------------------------------------
Step 32
0011101110001001 110001000 010001001 000100111 010110000 001001000 010101001 101001000 110001111 000000001 
10000100 00010001 00101110 00011011 01000100 00111000 01110101 00000101 01100001 10010100 00110011 10000110 10110000 11110110 00011100 01000011 10011000 00100101 00001100 00100010 00001100 00111000 10000111 01110001 001 
----------------------------------------------------
Step 33
0111000100110010 010001001 000100111 010110000 001001000 010101001 101001000 110001111 000000001 
10000100 00010001 00101110 00011011 01000100 00111000 01110101 00000101 01100001 10010100 00110011 10000110 10110000 11110110 00011100 01000011 10011000 00100101 00001100 00100010 00001100 00111000 10000111 01110001 00110010 
----------------------------------------------------
Step 34
0010011001000011 000100111 010110000 001001000 010101001 101001000 110001111 000000001 
10000100 00010001 00101110 00011011 01000100 00111000 01110101 00000101 01100001 10010100 00110011 10000110 10110000 11110110 00011100 01000011 10011000 00100101 00001100 00100010 00001100 00111000 10000111 01110001 00110010 00011 
----------------------------------------------------
Step 35
0110010000110101 010110000 001001000 010101001 101001000 110001111 000000001 
10000100 00010001 00101110 00011011 01000100 00111000 01110101 00000101 01100001 10010100 00110011 10000110 10110000 11110110 00011100 01000011 10011000 00100101 00001100 00100010 00001100 00111000 10000111 01110001 00110010 00011010 1 
----------------------------------------------------
Step 36
0110101100001100 001001000 010101001 101001000 110001111 000000001 
10000100 00010001 00101110 00011011 01000100 00111000 01110101 00000101 01100001 10010100 00110011 10000110 10110000 11110110 00011100 01000011 10011000 00100101 00001100 00100010 00001100 00111000 10000111 01110001 00110010 00011010 11000011 00 
----------------------------------------------------
Step 37
0110000110010100 010101001 101001000 110001111 000000001 
10000100 00010001 00101110 00011011 01000100 00111000 01110101 00000101 01100001 10010100 00110011 10000110 10110000 11110110 00011100 01000011 10011000 00100101 00001100 00100010 00001100 00111000 10000111 01110001 00110010 00011010 11000011 0010100 
----------------------------------------------------
Step 38
0011001010000111 101001000 110001111 000000001 
10000100 00010001 00101110 00011011 01000100 00111000 01110101 00000101 01100001 10010100 00110011 10000110 10110000 11110110 00011100 01000011 10011000 00100101 00001100 00100010 00001100 00111000 10000111 01110001 00110010 00011010 11000011 00101000 0111 
----------------------------------------------------
Step 39
0101000011100010 110001111 000000001 
10000100 00010001 00101110 00011011 01000100 00111000 01110101 00000101 01100001 10010100 00110011 10000110 10110000 11110110 00011100 01000011 10011000 00100101 00001100 00100010 00001100 00111000 10000111 01110001 00110010 00011010 11000011 00101000 01110001 0 
----------------------------------------------------
Step 40
1110001000100011 000000001 
10000100 00010001 00101110 00011011 01000100 00111000 01110101 00000101 01100001 10010100 00110011 10000110 10110000 11110110 00011100 01000011 10011000 00100101 00001100 00100010 00001100 00111000 10000111 01110001 00110010 00011010 11000011 00101000 01110001 00010001 1 
----------------------------------------------------
Step Last
10000100 00010001 00101110 00011011 01000100 00111000 01110101 00000101 01100001 10010100 00110011 10000110 10110000 11110110 00011100 01000011 10011000 00100101 00001100 00100010 00001100 00111000 10000111 01110001 00110010 00011010 11000011 00101000 01110001 00010001 11 
