----------------------------------------------------
Encryption
----------------------------------------------------
000 1000011001010 0001101011000100000010000110000
----------------------------------------------------
Step 1
000 1000011001010 0001101011000100000010000110000
0000001 
----------------------------------------------------
Step 2
001 0000110010100 001101011000100000010000110000
0000100 
----------------------------------------------------
Step 3
000 0110010100001 101011000100000010000110000
0000011 
----------------------------------------------------
Step 4
001 1001010000110 1011000100000010000110000
0100010 
----------------------------------------------------
Step 5
110 0101000011010 11000100000010000110000
0100011 
----------------------------------------------------
Step 6
001 0100001101011 000100000010000110000
0010110 
----------------------------------------------------
Step 7
100 0011010110001 00000010000110000
0010101 
----------------------------------------------------
Step 8
001 1010110001000 00010000110000
0100010 
----------------------------------------------------
Step 9
110 1011000100000 010000110000
0010111 
----------------------------------------------------
Step 10
011 0001000000100 00110000
0000010 
----------------------------------------------------
Step 11
100 0100000010000 110000
0010011 
----------------------------------------------------
Step 12
001 0000001000011 0000
0000100 
----------------------------------------------------
Step 13
000 0001000011000 0
0000111 
----------------------------------------------------
Step 14
001 0000110000--- 
0000100 
----------------------------------------------------
Step 15
000 0110000------ 
0000011 
----------------------------------------------------
Step 16
001 10000-------- 
0100010 
----------------------------------------------------
Step 17
110 000---------- 
0000000 
----------------------------------------------------
Step 18
100 00----------- 
0000000 
----------------------------------------------------
Step 19
000 0------------ 
0000000 
----------------------------------------------------
000 ------------- 
----------------------------------------------------
----------------------------------------------------
Decryption
----------------------------------------------------
----------------------------------------------------
Step 1
000 0000001 0000100 0000011 0100010 0100011 0010110 0010101 0100010 0010111 0000010 0010011 0000100 0000111 0000100 0000011 0100010 0000000 0000000 0000000 

----------------------------------------------------
Step 2
001 0000100 0000011 0100010 0100011 0010110 0010101 0100010 0010111 0000010 0010011 0000100 0000111 0000100 0000011 0100010 0000000 0000000 0000000 
1 
----------------------------------------------------
Step 3
000 0000011 0100010 0100011 0010110 0010101 0100010 0010111 0000010 0010011 0000100 0000111 0000100 0000011 0100010 0000000 0000000 0000000 
1000 
----------------------------------------------------
Step 4
001 0100010 0100011 0010110 0010101 0100010 0010111 0000010 0010011 0000100 0000111 0000100 0000011 0100010 0000000 0000000 0000000 
100001 
----------------------------------------------------
Step 5
110 0100011 0010110 0010101 0100010 0010111 0000010 0010011 0000100 0000111 0000100 0000011 0100010 0000000 0000000 0000000 
10000110 
----------------------------------------------------
Step 6
001 0010110 0010101 0100010 0010111 0000010 0010011 0000100 0000111 0000100 0000011 0100010 0000000 0000000 0000000 
10000110 01 
----------------------------------------------------
Step 7
010 0010101 0100010 0010111 0000010 0010011 0000100 0000111 0000100 0000011 0100010 0000000 0000000 0000000 
10000110 010100 
----------------------------------------------------
Step 8
101 0100010 0010111 0000010 0010011 0000100 0000111 0000100 0000011 0100010 0000000 0000000 0000000 
10000110 01010010 1 
----------------------------------------------------
Step 9
110 0010111 0000010 0010011 0000100 0000111 0000100 0000011 0100010 0000000 0000000 0000000 
10000110 01010010 110 
----------------------------------------------------
Step 10
101 0000010 0010011 0000100 0000111 0000100 0000011 0100010 0000000 0000000 0000000 
10000110 01010010 1101011 
----------------------------------------------------
Step 11
110 0010011 0000100 0000111 0000100 0000011 0100010 0000000 0000000 0000000 
10000110 01010010 11010111 0 
----------------------------------------------------
Step 12
011 0000100 0000111 0000100 0000011 0100010 0000000 0000000 0000000 
10000110 01010010 11010111 011 
----------------------------------------------------
Step 13
010 0000111 0000100 0000011 0100010 0000000 0000000 0000000 
10000110 01010010 11010111 011010 
----------------------------------------------------
Step 14
010 0000100 0000011 0100010 0000000 0000000 0000000 
10000110 01010010 11010111 01101001 01 
----------------------------------------------------
Step 15
010 0000011 0100010 0000000 0000000 0000000 
10000110 01010010 11010111 01101001 01010 
----------------------------------------------------
Step 16
001 0100010 0000000 0000000 0000000 
10000110 01010010 11010111 01101001 0101001 
----------------------------------------------------
Step 17
110 0000000 0000000 0000000 
10000110 01010010 11010111 01101001 01010011 0 
----------------------------------------------------
Step 18
100 0000000 0000000 
10000110 01010010 11010111 01101001 01010011 00 
----------------------------------------------------
Step 19
000 0000000 
10000110 01010010 11010111 01101001 01010011 000 
----------------------------------------------------
Step Last
10000110 01010010 11010111 01101001 01010011 0000 
