----------------------------------------------------
Encryption
----------------------------------------------------
000000000000000 1002101003201 01000101001100332100302100201100311101000100303100311100321100122100332100331101001101002100300100331101002100320100331100332100302100320101013
----------------------------------------------------
Step 1
000000000000000 1002101003201 01000101001100332100302100201100311101000100303100311100321100122100332100331101001101002100300100331101002100320100331100332100302100320101013
00001 
----------------------------------------------------
Step 2
000000000000001 0021010032010 1000101001100332100302100201100311101000100303100311100321100122100332100331101001101002100300100331101002100320100331100332100302100320101013
00022 
----------------------------------------------------
Step 3
000000000001002 1010032010100 0101001100332100302100201100311101000100303100311100321100122100332100331101001101002100300100331101002100320100331100332100302100320101013
23021 
----------------------------------------------------
Step 4
000000001002101 0032010100010 1001100332100302100201100311101000100303100311100321100122100332100331101001101002100300100331101002100320100331100332100302100320101013
00023 
----------------------------------------------------
Step 5
000001002101003 2010100010100 1100332100302100201100311101000100303100311100321100122100332100331101001101002100300100331101002100320100331100332100302100320101013
20010 
----------------------------------------------------
Step 6
000100210100320 1010001010011 00332100302100201100311101000100303100311100321100122100332100331101001101002100300100331101002100320100331100332100302100320101013
13110 
----------------------------------------------------
Step 7
210100320101000 1010011003321 00302100201100311101000100303100311100321100122100332100331101001101002100300100331101002100320100331100332100302100320101013
01111 
----------------------------------------------------
Step 8
320101000101001 1003321003021 00201100311101000100303100311100321100122100332100331101001101002100300100331101002100320100331100332100302100320101013
11033 
----------------------------------------------------
Step 9
010001010011003 3210030210020 1100311101000100303100311100321100122100332100331101001101002100300100331101002100320100331100332100302100320101013
32012 
----------------------------------------------------
Step 10
000101001100332 1003021002011 00311101000100303100311100321100122100332100331101001101002100300100331101002100320100331100332100302100320101013
21100 
----------------------------------------------------
Step 11
100110033210030 2100201100311 101000100303100311100321100122100332100331101001101002100300100331101002100320100331100332100302100320101013
21102 
----------------------------------------------------
Step 12
003321003021002 0110031110100 0100303100311100321100122100332100331101001101002100300100331101002100320100331100332100302100320101013
00011 
----------------------------------------------------
Step 13
332100302100201 1003111010001 00303100311100321100122100332100331101001101002100300100331101002100320100331100332100302100320101013
03101 
----------------------------------------------------
Step 14
030210020110031 1101000100303 100311100321100122100332100331101001101002100300100331101002100320100331100332100302100320101013
21031 
----------------------------------------------------
Step 15
100201100311101 0001003031003 11100321100122100332100331101001101002100300100331101002100320100331100332100302100320101013
01020 
----------------------------------------------------
Step 16
201100311101000 1003031003111 00321100122100332100331101001101002100300100331101002100320100331100332100302100320101013
03100 
----------------------------------------------------
Step 17
031110100010030 3100311100321 100122100332100331101001101002100300100331101002100320100331100332100302100320101013
01020 
----------------------------------------------------
Step 18
110100010030310 0311100321100 122100332100331101001101002100300100331101002100320100331100332100302100320101013
23031 
----------------------------------------------------
Step 19
000100303100311 1003211001221 00332100331101001101002100300100331101002100320100331100332100302100320101013
03102 
----------------------------------------------------
Step 20
030310031110032 1100122100332 100331101001101002100300100331101002100320100331100332100302100320101013
21101 
----------------------------------------------------
Step 21
003111003211001 2210033210033 1101001101002100300100331101002100320100331100332100302100320101013
21012 
----------------------------------------------------
Step 22
311100321100122 1003321003311 01001101002100300100331101002100320100331100332100302100320101013
03103 
----------------------------------------------------
Step 23
032110012210033 2100331101001 101002100300100331101002100320100331100332100302100320101013
21121 
----------------------------------------------------
Step 24
122100332100331 1010011010021 00300100331101002100320100331100332100302100320101013
03021 
----------------------------------------------------
Step 25
100332100331101 0011010021003 00100331101002100320100331100332100302100320101013
01021 
----------------------------------------------------
Step 26
332100331101001 1010021003001 00331101002100320100331100332100302100320101013
21112 
----------------------------------------------------
Step 27
331101001101002 1003001003311 01002100320100331100332100302100320101013
11033 
----------------------------------------------------
Step 28
010011010021003 0010033110100 2100320100331100332100302100320101013
02030 
----------------------------------------------------
Step 29
110100210030010 0331101002100 320100331100332100302100320101013
21023 
----------------------------------------------------
Step 30
100210030010033 1101002100320 100331100332100302100320101013
00011 
----------------------------------------------------
Step 31
021003001003311 0100210032010 0331100332100302100320101013
13102 
----------------------------------------------------
Step 32
300100331101002 1003201003311 00332100302100320101013
03102 
----------------------------------------------------
Step 33
033110100210032 0100331100332 100302100320101013
11103 
----------------------------------------------------
Step 34
010021003201003 3110033210030 2100320101013
20011 
----------------------------------------------------
Step 35
002100320100331 1003321003021 00320101013
21112 
----------------------------------------------------
Step 36
320100331100332 1003021003201 01013
03100 
----------------------------------------------------
Step 37
033110033210030 2100320101013 
21112 
----------------------------------------------------
Step 38
033210030210032 0101013------ 
00011 
----------------------------------------------------
Step 39
321003021003201 01013-------- 
31103 
----------------------------------------------------
302100320101013 ------------- 
----------------------------------------------------
----------------------------------------------------
Decryption
----------------------------------------------------
----------------------------------------------------
Step 1
000000000000000 00001 00022 23021 00023 20010 13110 01111 11033 32012 21100 21102 00011 03101 21031 01020 03100 01020 23031 03102 21101 21012 03103 21121 03021 01021 21112 11033 02030 21023 00011 13102 03102 11103 20011 21112 03100 21112 00011 31103 

----------------------------------------------------
Step 2
000000000000001 00022 23021 00023 20010 13110 01111 11033 32012 21100 21102 00011 03101 21031 01020 03100 01020 23031 03102 21101 21012 03103 21121 03021 01021 21112 11033 02030 21023 00011 13102 03102 11103 20011 21112 03100 21112 00011 31103 
1 
----------------------------------------------------
Step 3
000000000001002 23021 00023 20010 13110 01111 11033 32012 21100 21102 00011 03101 21031 01020 03100 01020 23031 03102 21101 21012 03103 21121 03021 01021 21112 11033 02030 21023 00011 13102 03102 11103 20011 21112 03100 21112 00011 31103 
1002 
----------------------------------------------------
Step 4
000000001002101 00023 20010 13110 01111 11033 32012 21100 21102 00011 03101 21031 01020 03100 01020 23031 03102 21101 21012 03103 21121 03021 01021 21112 11033 02030 21023 00011 13102 03102 11103 20011 21112 03100 21112 00011 31103 
1002 101 
----------------------------------------------------
Step 5
000001002101003 20010 13110 01111 11033 32012 21100 21102 00011 03101 21031 01020 03100 01020 23031 03102 21101 21012 03103 21121 03021 01021 21112 11033 02030 21023 00011 13102 03102 11103 20011 21112 03100 21112 00011 31103 
1002 1010 03 
----------------------------------------------------
Step 6
000100210100320 13110 01111 11033 32012 21100 21102 00011 03101 21031 01020 03100 01020 23031 03102 21101 21012 03103 21121 03021 01021 21112 11033 02030 21023 00011 13102 03102 11103 20011 21112 03100 21112 00011 31103 
1002 1010 0320 
----------------------------------------------------
Step 7
210100320101000 01111 11033 32012 21100 21102 00011 03101 21031 01020 03100 01020 23031 03102 21101 21012 03103 21121 03021 01021 21112 11033 02030 21023 00011 13102 03102 11103 20011 21112 03100 21112 00011 31103 
1002 1010 0320 1010 00 
----------------------------------------------------
Step 8
320101000101001 11033 32012 21100 21102 00011 03101 21031 01020 03100 01020 23031 03102 21101 21012 03103 21121 03021 01021 21112 11033 02030 21023 00011 13102 03102 11103 20011 21112 03100 21112 00011 31103 
1002 1010 0320 1010 0010 1001 
----------------------------------------------------
Step 9
010001010011003 32012 21100 21102 00011 03101 21031 01020 03100 01020 23031 03102 21101 21012 03103 21121 03021 01021 21112 11033 02030 21023 00011 13102 03102 11103 20011 21112 03100 21112 00011 31103 
1002 1010 0320 1010 0010 1001 1003 
----------------------------------------------------
Step 10
000101001100332 21100 21102 00011 03101 21031 01020 03100 01020 23031 03102 21101 21012 03103 21121 03021 01021 21112 11033 02030 21023 00011 13102 03102 11103 20011 21112 03100 21112 00011 31103 
1002 1010 0320 1010 0010 1001 1003 32 
----------------------------------------------------
Step 11
100110033210030 21102 00011 03101 21031 01020 03100 01020 23031 03102 21101 21012 03103 21121 03021 01021 21112 11033 02030 21023 00011 13102 03102 11103 20011 21112 03100 21112 00011 31103 
1002 1010 0320 1010 0010 1001 1003 3210 030 
----------------------------------------------------
Step 12
003321003021002 00011 03101 21031 01020 03100 01020 23031 03102 21101 21012 03103 21121 03021 01021 21112 11033 02030 21023 00011 13102 03102 11103 20011 21112 03100 21112 00011 31103 
1002 1010 0320 1010 0010 1001 1003 3210 0302 1002 
----------------------------------------------------
Step 13
332100302100201 03101 21031 01020 03100 01020 23031 03102 21101 21012 03103 21121 03021 01021 21112 11033 02030 21023 00011 13102 03102 11103 20011 21112 03100 21112 00011 31103 
1002 1010 0320 1010 0010 1001 1003 3210 0302 1002 01 
----------------------------------------------------
Step 14
030210020110031 21031 01020 03100 01020 23031 03102 21101 21012 03103 21121 03021 01021 21112 11033 02030 21023 00011 13102 03102 11103 20011 21112 03100 21112 00011 31103 
1002 1010 0320 1010 0010 1001 1003 3210 0302 1002 0110 031 
----------------------------------------------------
Step 15
100201100311101 01020 03100 01020 23031 03102 21101 21012 03103 21121 03021 01021 21112 11033 02030 21023 00011 13102 03102 11103 20011 21112 03100 21112 00011 31103 
1002 1010 0320 1010 0010 1001 1003 3210 0302 1002 0110 0311 101 
----------------------------------------------------
Step 16
201100311101000 03100 01020 23031 03102 21101 21012 03103 21121 03021 01021 21112 11033 02030 21023 00011 13102 03102 11103 20011 21112 03100 21112 00011 31103 
1002 1010 0320 1010 0010 1001 1003 3210 0302 1002 0110 0311 1010 00 
----------------------------------------------------
Step 17
031110100010030 01020 23031 03102 21101 21012 03103 21121 03021 01021 21112 11033 02030 21023 00011 13102 03102 11103 20011 21112 03100 21112 00011 31103 
1002 1010 0320 1010 0010 1001 1003 3210 0302 1002 0110 0311 1010 0010 030 
----------------------------------------------------
Step 18
110100010030310 23031 03102 21101 21012 03103 21121 03021 01021 21112 11033 02030 21023 00011 13102 03102 11103 20011 21112 03100 21112 00011 31103 
1002 1010 0320 1010 0010 1001 1003 3210 0302 1002 0110 0311 1010 0010 0303 10 
----------------------------------------------------
Step 19
000100303100311 03102 21101 21012 03103 21121 03021 01021 21112 11033 02030 21023 00011 13102 03102 11103 20011 21112 03100 21112 00011 31103 
1002 1010 0320 1010 0010 1001 1003 3210 0302 1002 0110 0311 1010 0010 0303 1003 11 
----------------------------------------------------
Step 20
030310031110032 21101 21012 03103 21121 03021 01021 21112 11033 02030 21023 00011 13102 03102 11103 20011 21112 03100 21112 00011 31103 
1002 1010 0320 1010 0010 1001 1003 3210 0302 1002 0110 0311 1010 0010 0303 1003 1110 032 
----------------------------------------------------
Step 21
003111003211001 21012 03103 21121 03021 01021 21112 11033 02030 21023 00011 13102 03102 11103 20011 21112 03100 21112 00011 31103 
1002 1010 0320 1010 0010 1001 1003 3210 0302 1002 0110 0311 1010 0010 0303 1003 1110 0321 1001 
----------------------------------------------------
Step 22
311100321100122 03103 21121 03021 01021 21112 11033 02030 21023 00011 13102 03102 11103 20011 21112 03100 21112 00011 31103 
1002 1010 0320 1010 0010 1001 1003 3210 0302 1002 0110 0311 1010 0010 0303 1003 1110 0321 1001 22 
----------------------------------------------------
Step 23
032110012210033 21121 03021 01021 21112 11033 02030 21023 00011 13102 03102 11103 20011 21112 03100 21112 00011 31103 
1002 1010 0320 1010 0010 1001 1003 3210 0302 1002 0110 0311 1010 0010 0303 1003 1110 0321 1001 2210 033 
----------------------------------------------------
Step 24
122100332100331 03021 01021 21112 11033 02030 21023 00011 13102 03102 11103 20011 21112 03100 21112 00011 31103 
1002 1010 0320 1010 0010 1001 1003 3210 0302 1002 0110 0311 1010 0010 0303 1003 1110 0321 1001 2210 0332 1003 31 
----------------------------------------------------
Step 25
100332100331101 01021 21112 11033 02030 21023 00011 13102 03102 11103 20011 21112 03100 21112 00011 31103 
1002 1010 0320 1010 0010 1001 1003 3210 0302 1002 0110 0311 1010 0010 0303 1003 1110 0321 1001 2210 0332 1003 3110 1 
----------------------------------------------------
Step 26
332100331101001 21112 11033 02030 21023 00011 13102 03102 11103 20011 21112 03100 21112 00011 31103 
1002 1010 0320 1010 0010 1001 1003 3210 0302 1002 0110 0311 1010 0010 0303 1003 1110 0321 1001 2210 0332 1003 3110 1001 
----------------------------------------------------
Step 27
331101001101002 11033 02030 21023 00011 13102 03102 11103 20011 21112 03100 21112 00011 31103 
1002 1010 0320 1010 0010 1001 1003 3210 0302 1002 0110 0311 1010 0010 0303 1003 1110 0321 1001 2210 0332 1003 3110 1001 1010 02 
----------------------------------------------------
Step 28
010011010021003 02030 21023 00011 13102 03102 11103 20011 21112 03100 21112 00011 31103 
1002 1010 0320 1010 0010 1001 1003 3210 0302 1002 0110 0311 1010 0010 0303 1003 1110 0321 1001 2210 0332 1003 3110 1001 1010 0210 03 
----------------------------------------------------
Step 29
110100210030010 21023 00011 13102 03102 11103 20011 21112 03100 21112 00011 31103 
1002 1010 0320 1010 0010 1001 1003 3210 0302 1002 0110 0311 1010 0010 0303 1003 1110 0321 1001 2210 0332 1003 3110 1001 1010 0210 0300 10 
----------------------------------------------------
Step 30
100210030010033 00011 13102 03102 11103 20011 21112 03100 21112 00011 31103 
1002 1010 0320 1010 0010 1001 1003 3210 0302 1002 0110 0311 1010 0010 0303 1003 1110 0321 1001 2210 0332 1003 3110 1001 1010 0210 0300 1003 3 
----------------------------------------------------
Step 31
021003001003311 13102 03102 11103 20011 21112 03100 21112 00011 31103 
1002 1010 0320 1010 0010 1001 1003 3210 0302 1002 0110 0311 1010 0010 0303 1003 1110 0321 1001 2210 0332 1003 3110 1001 1010 0210 0300 1003 311 
----------------------------------------------------
Step 32
300100331101002 03102 11103 20011 21112 03100 21112 00011 31103 
1002 1010 0320 1010 0010 1001 1003 3210 0302 1002 0110 0311 1010 0010 0303 1003 1110 0321 1001 2210 0332 1003 3110 1001 1010 0210 0300 1003 3110 1002 
----------------------------------------------------
Step 33
033110100210032 11103 20011 21112 03100 21112 00011 31103 
1002 1010 0320 1010 0010 1001 1003 3210 0302 1002 0110 0311 1010 0010 0303 1003 1110 0321 1001 2210 0332 1003 3110 1001 1010 0210 0300 1003 3110 1002 1003 2 
----------------------------------------------------
Step 34
010021003201003 20011 21112 03100 21112 00011 31103 
1002 1010 0320 1010 0010 1001 1003 3210 0302 1002 0110 0311 1010 0010 0303 1003 1110 0321 1001 2210 0332 1003 3110 1001 1010 0210 0300 1003 3110 1002 1003 2010 03 
----------------------------------------------------
Step 35
002100320100331 21112 03100 21112 00011 31103 
1002 1010 0320 1010 0010 1001 1003 3210 0302 1002 0110 0311 1010 0010 0303 1003 1110 0321 1001 2210 0332 1003 3110 1001 1010 0210 0300 1003 3110 1002 1003 2010 0331 
----------------------------------------------------
Step 36
320100331100332 03100 21112 00011 31103 
1002 1010 0320 1010 0010 1001 1003 3210 0302 1002 0110 0311 1010 0010 0303 1003 1110 0321 1001 2210 0332 1003 3110 1001 1010 0210 0300 1003 3110 1002 1003 2010 0331 1003 32 
----------------------------------------------------
Step 37
033110033210030 21112 00011 31103 
1002 1010 0320 1010 0010 1001 1003 3210 0302 1002 0110 0311 1010 0010 0303 1003 1110 0321 1001 2210 0332 1003 3110 1001 1010 0210 0300 1003 3110 1002 1003 2010 0331 1003 3210 030 
----------------------------------------------------
Step 38
033210030210032 00011 31103 
1002 1010 0320 1010 0010 1001 1003 3210 0302 1002 0110 0311 1010 0010 0303 1003 1110 0321 1001 2210 0332 1003 3110 1001 1010 0210 0300 1003 3110 1002 1003 2010 0331 1003 3210 0302 1003 2 
----------------------------------------------------
Step 39
321003021003201 31103 
1002 1010 0320 1010 0010 1001 1003 3210 0302 1002 0110 0311 1010 0010 0303 1003 1110 0321 1001 2210 0332 1003 3110 1001 1010 0210 0300 1003 3110 1002 1003 2010 0331 1003 3210 0302 1003 201 
----------------------------------------------------
Step Last
1002 1010 0320 1010 0010 1001 1003 3210 0302 1002 0110 0311 1010 0010 0303 1003 1110 0321 1001 2210 0332 1003 3110 1001 1010 0210 0300 1003 3110 1002 1003 2010 0331 1003 3210 0302 1003 2010 1013 
